
StartChar: Oacute
Encoding: 211 211 36
Width: 861
VWidth: 1024
Flags: W
HStem: 0 12.7959<12.9925 721.723> 23.9316 4.78711<482.314 500.747> 23.9316 33.8262<303.718 436.265 439.724 484.651> 25 45.2305<180.163 222.239 523.633 556.337> 43.8867 7.74609<436.076 436.708> 64.8799 4.07324<351.357 427.104> 74.1904 13.9043<319.024 443.751> 123.736 22.0605<108.077 124.34> 155.448 7.77441<628.746 642.408> 163.475 2.74023<83.314 99.1939> 174.056 6.40039<655.136 683.467> 185.857 5.18848<664.186 679.891> 306.139 22.0449<462.047 466.908> 377.963 17.0459<434.186 436.107> 378.601 6.01172<223.327 224.883> 390.457 21.7686<488.573 494.862> 466.692 56.5771<314.599 336.42> 486.551 5.16699<485.458 498.437> 494.263 2.02441<433.548 450.86> 515.438 3.04492<444.869 450.557> 516.555 14.0977<412.04 419.934> 633.55 26.3271<48.4414 113.921> 702.511 4.1123<198.562 211.42> 703.925 2.87598<519.499 539.318> 705.258 4.29297<234.269 260.072> 706.652 6.14453<482.414 498.668> 720.791 54.3154<207.056 241.447> 746.43 28.5703<47.5615 91.9295 121.697 140.865 224.643 260.124 270.884 464.028 472.982 509.821 589.145 611.185 640.946 688.121> 760.347 12.6533<529.489 540.826> 789.318 10.6816<10.9836 721>
VStem: 0 13<11.9724 788.66> 27 14.0986<43.6346 86.1985 536.164 564.851 613.843 633.548> 27 29.8779<109.627 138.895 432.157 536.156> 27 62.1992<136.123 164.16> 86.083 7.91992<73.5174 81.4702> 119.582 5.74902<123.684 128.342> 143.269 32.0322<685.33 743.18> 173.588 6.54688<89.9263 105.617> 198.562 14.0879<703.383 706.614> 321.659 0.243164<281.579 282.888> 335.971 8.73535<228.299 240.324> 436.024 10.3535<310.369 320.115> 453.652 2.42773<308.32 308.363> 457.468 6.60938<495.425 507.235> 518.221 30.4189<299.329 343.693> 521.53 8.53125<409.661 432.134> 558.393 37.5127<300.162 370.125> 667.586 42.4141<427.518 460.976 680.458 733.428> 677.763 32.2373<88.0771 118.314 308.56 356.08> 689.833 20.167<161.632 174.361 458.086 521.215 609.841 627.901 717.017 745.193> 700.526 9.47363<42.8724 85.1344 190.736 205.631> 721.723 12.4238<13.6279 786>
LayerCount: 2
Fore
Refer: 22 79 N 1 0 0 1 0 0 2
EndChar
