
StartChar: Ograve
Encoding: 210 210 35
Width: 861
VWidth: 1024
Flags: W
HStem: 0 12.7812<12.9922 721.719> 23.9375 4.78125<482.327 500.761> 23.9375 33.8125<303.719 436.275 439.731 484.643> 25 45.2188<180.157 222.243 523.643 556.346> 43.875 7.75<436.086 436.719> 64.875 4.09375<351.352 427.101> 74.1875 13.9062<319.95 443.745> 123.75 22.0312<108.073 124.353> 155.438 7.78125<628.751 642.421> 163.469 2.75<83.314 99.1836> 174.062 6.40625<655.135 683.476> 185.844 5.1875<664.17 679.903> 303.312 6.46875<412.388 417.25> 306.156 22.0312<462.053 466.898> 309.781 10.9062<310.09 320.651 415.172 417.25> 319 8.0625<305.179 317.354> 347.656 9.78125<288.734 300.349> 375.625 22.7188<398.212 398.844 434.188 438.572> 378.594 6.03125<224.131 224.5> 389.188 16.8438<196.75 197.666 223.66 227.069 493.504 495.656> 466.688 56.5938<314.595 336.416> 486.562 5.15625<485.45 498.435> 494.25 2.03125<433.557 450.864> 496.281 10.8125<435.732 450.812 475 486.19> 509.719 2.0625<468.525 474.5> 516.562 1.90625<422.456 424.381> 526.688 4<422.858 452.726> 571.906 52.875<291.27 333.469> 633.562 26.3125<48.4318 113.909> 675.625 43.4375<270.243 457.484> 702.5 4.125<198.562 211.494 529.957 539.312> 705.25 3.5625<243.548 260.062 519.651 538.781> 706.656 6.125<234.348 260.062 482.421 498.675> 720.781 54.3125<207.057 241.444> 746.438 28.5625<47.5615 91.9262 121.697 141.121 224.635 260.113 270.873 464.041 472.996 509.823 589.131 611.196 640.956 688.122> 760.344 12.6562<529.475 540.823> 789.312 10.6875<10.9836 721>
VStem: 0 13<11.9736 788.659> 27 29.875<109.634 138.894 432.169 536.144> 27 62.1875<136.12 164.166> 28.4375 9.34375<53.024 71.7856 538.293 556.513 618.948 633.395> 86.0938 7.90625<73.5059 81.4684> 119.594 5.75<123.698 128.327> 143.281 32.0312<685.323 743.181> 173.594 6.53125<89.933 105.622> 198.562 14.0938<703.371 706.616> 241.562 5.4375<371.264 386.076> 321.656 0.25<281.574 282.883> 332.75 3.6875<218.91 230.541> 335.969 8.75<228.289 240.312> 406.094 6.5<287.875 292.812> 417.25 4.125<309.781 314.779> 436.031 10.3438<310.375 320.125> 453.656 2.4375<308.317 317.812> 457.469 6.59375<495.517 508.147> 518.219 30.4062<299.325 343.688> 521.531 8.53125<409.665 432.135> 558.406 37.5<300.151 370.133> 667.594 42.4062<427.531 460.983 680.458 733.442> 677.75 32.25<88.0766 118.307 308.574 356.081> 689.844 20.1562<161.635 174.37 458.099 521.216 609.843 627.9 717.023 745.195> 700.531 9.46875<42.8766 85.1331 190.745 205.634> 721.719 12.4375<13.625 786>
LayerCount: 2
Fore
Refer: 22 79 N 1 0 0 1 0 0 2
EndChar
